000000000000000000000000000000000000000000000000000000000000000000000000000000000000000000000000000000000000000000000000000000000000000000000000000000000000000000000000000000000000000000000000
000000000000000000000700007000000000000000000000000000000000000000000000000000000000000000000000000000000000000000000000000000000080000000000000000000000000000000000000000000000000000000000000
000000000000000000000000000000000000000000000008000000000000000080000000000000000000000000000000000800000000000000000000080000000000000008000000000000000000000000080000000000000000000000000000
000800000000000000000000000000000000000080000000000000000000000000000000000000800000000000000000000000000000070000000000000000800000000000000000000000080000000000000000000000000000000000000000
000000000800000000000000000000000000000000000000000000000000000000000000000000000000000000000000000000000000000000800000000000000000000000000000000000000000000000000000000000000000000000000000
000000000000000070000000000000000000000000000000000000000000000000000000000000000000000000000000000000000000000000000000000000000000000000000000000000000000000000000000000000000000000000000000
000000000000000000000004000000700000000000000000000000000000000000000000000000000000000000000000000000000000000000000000000000000000000000000000000000000000000000000000000000800000000000000000
000000000000000000000000000000000000000000000000000000000000000000000080000000000000000000080000000070008000000000000000000000000000000000000000000000000000000000000000000000000000000000000000
0000000000000000000000000000000000070000000800000000008000000000000000000000000000000000000000000000000000000000000000000000000000000000000000000000l0000000000000000000000000000000000000000000
000000000000000000000000000000000000000000000000000000000000000000000000000000000000800000000000000000000000000000000000000000000000000000000000000000000000000000000000000000000000000000000000
000000000000000010000000000000000000000000000000000000000000000000000000000080000000000000000000000000000000000000000000000000000000000000000000000000000000000000000000000000000000000000000000
000000000000000000000000000000000000000000000000000000000000000000000000000000000000000000000000700000000000000000000000000000000000000000000000000000000000000000000000000000000000000000000000
000800000000000000000000000000000000000000000000000000000000000080000000000000000000000000000000000000000000000000000000000000000000000000000000000000000000000000008000000000000000000000000000
000000000000000000000500005050000100000000000000000000000000000000000000000000000000000000000000000000000000000000000000000000000000000000000000000000000000000000000000000000000000080000000000
000000000000000000000000000000000000000000000000000000000000000000000000000000000000000000800000000000000000000000000000000000000000000000800000000000000000000000000000000000000000000000000000
000000000000000000000000000000000000000000000000008000000000000000000000000000000000000000000000000000000000000000000000000000000008000000000000000000000000008000000000000000000000000000000000
000000000080000000000000000000000000000008000000000000008000000000080000000000000000000000000000000000000000000000000000000000000000000000000000000000000000000000000000000000000000000000000000
000000000000000010000000000000000000000000000000000000000000000000000000008000000070000000000000000000000000000000000000000080000000000000000000000000000000000000000000008000000000000000000000
000000000000000000000505000050000100000000000000000000000000000000000000000000000000000000000000000000000000000000000000000000000000000000000000000000000000000000000000000000000000000000000000
000080000000000000000000000000000000000000000000000000000000000000000000000000000000000000000000000000000000000000000000000000070000000000000000800000000000000000000000000000000000000000000000
000000000000000000000000000000000000000000000000000000000000000000000000000000000000000000000000000000000000000000000000000000000000000000000000000000080000000000000000000000000080000000000000
000000000000000000000000000000000000000000000000000000080000000000000000000000000000000000000000000000000000000800000000000000000000080000000000000000000000000000000000000000000000000000000000
000000000000000010000000000000000000000000008000000000000000000000000000000000800000000000000000000000008000000000000000000000000000000000000000000000000000000000000800000000000000000000000000
000000000008000000000500005050000000000000000000000000000000000000080000000000000000000000000000000000000000000000000007000000000000000000000000000000000000000000000000000000000000000008000000
000000000000000000000000000000000000000000000000000000000000000000000000000000000000000000000000000000000000000000000000000000000000000000000000000000000000000000000000000000000000000000000000
000000000000000000000000000000000000000000000000000000000000000000000000000000000000000000000000000000000000000000000000000000000000000000000000000000000000800000000000000000000000000000000000
000008000000000000000000000000000100000000000000000000000000000000000000000000000000000000000000080000000000000000000000000000000000000000007000070000000000000000000000000000000000000000000000
000000000000000000000000000000000000000000000000000000000000000000000000000000000000000000000000000000000008000000000000000000000000070000000000000000000000000000000000000000000000000000000000
000000000000000000000500005050000000000000000000010000000000000000000000000000000000000000000000000000070000000000000008000000000000000000000000000000000000000000000000000000000000000000000000
000000000000000010000000000000000000007000070000000000070000070000700000000000000000000000080000000000000000000000000000000000000000000000000000000000000000000000080000000800000000000000000000
000000000000000000000000000000000000000000000000000000000000000000000000000000000000000000000000000000000000000000000000000000000000000000000000000000700000000000000000000000000000008000000000
000000000000000000000000000000000000000000000000000000000000000000000007000000000000000000000000000000000000000000000000000000000000000000000000000000000000000000000000000000000000000000000000
000000000000000000000000000000000000000000000000000000000000000000000000000000000000000000000000000000000000001000000000000000007000000000030000000000000000000000000000000000000000000000000000
000000800000000000000050000505000060000600006000060000600006000060000000000000700000000000000000000000000000000000007000007000000000000000000000000000000000000000000000000000000000000000000000
000000000000000000000000000000000000000000000000000000000000000000000600000000000000000000700000000000000000000000000000000000000000000000000000000000000000000000000000000000000000000000000000
000000000000000000000000000000000000000000000000000000000000000000000000000000000000300000000007000007000000000000000000000000000000000000000000000000000000000000000000000000000000000000000000
008000000008000001000000000000000000000000000000000000000000000000000000006000000000000000000000000000000000000000000000000000000000000005000000000000000000000000000000000000000000000000000000
000000000000000000000000000000000000000000000000000000000000000000000000000000000000000000000000000000000000001000000000000000000000000000000000000000000000000000000000000000000000000000000000
000000000000000000000000500005000060000600006000060000600006000060000000000000060000000000000000000000000000000000000005000050000500005000005000000000010000100001000010000100001000008000000000
000000000000000000000000000000000000000000000000000000000000000000000600000000000000000000000000000000000000000000500000000000000000005000000000200000000000000000000000000000000000000000000000
000000000000000000000000000000000000000000000000000000000000000000000000000000000000000000000000000000000000050000000000000000000000000000000000000000000000000000000000000000000000000000000000
000000000000100000000000000000010000006000000000000000000000000000000000006000000000000006000060000600005000000000000000000000000000000000050000000000000000000000000000000000000000000000000000
000000000000000000000000000000000000000000000000000000000000000000000000000000000000600000000000000000000000000000000000000000000000000000000000000000000000000000000000000000000000000000000000
000000000000000000000050000500000000660000600306006000060006000060000000000000060000000000000000000000000000000000000005000050000500000000000000000000000000000000000000000000001000000000000000
008000000000000000000000000000000000000000000000000000000000000010000600000000000000000000000000000000000000000000500000000000000000005000000000000000000000000000000300000000000000000800000000
000000000000000000700000000000000000000000000000000000000000000000000000000000000000000000000000000000000000050000000000000000000000050000000050000000000000000000000000000000000000000000000000
000000000008000000000000000000010000000000005000000000000000000000000000006000000000000006000060000600005000000000000000000000000000000000050000000000000000000000000000000000000000000000000000
000000000000000000000000050000000000005000000005005000000000000000000000000000000000600000000000000000000000000005000505000000000000000005000005000000000000000000000000000000000000000000000000
000000000000000000000000050000500000500000500000000500005000500000000000000000060000000000000000000000000000000000000000000700007000000000000000000000000000000000000000000000001000000000000000
000000000000000000000000000000000000000000000000000000000000000010000600000000000000000000000000010000005000050000000000000000000000000000000000000000000000000000000000000000000000000000000000
000000000000000000000000000000000500000500001000010000070000000000000000000000000000600000006000000000500000000000000000000000000000070000035000000000000000000000000000000000000000000000000000
000000000000000000000000000000000000000000000000000000000000000000000000005000005300006060000000000000000000000007000070000000000000000000000000000000010000100000000000000000000000000000000000
000000000000000000000007000000000000000000000000000000000000000000000000000000000050600000000000000000070000700000000000000000000000000000500050000000000000000000000000000000000000000000000000
000000800000000000080000000070000700007000000000000050000000000000000000000000500000000000000000000000000000000000000000000000000000000000000000000000000000000001000000000000001000000000000000
000000000000000000000000000000000000000000000000000000000000000000000000000000050000000000000000015000000000000000000000000000000000000000000000000000000000000000000000000000000000000800000000
000000000000000000000000000000000000000000000000070000700000007000070000000000000000000000000500000000000000000000000000000000000000000000000050080000000000000000000000000000000000000000000000
000000000000000000000000000000000000000000070000000000000000000000000000070000000000000500005000005000070000000000000000080000000000070000050000000000000000000000000009000000000000000000000000
000000000000000000000000000000000000000000000000000000000000000000000000000000000005500000000000000000000000000000000000000000000000000000500000000000000000000000000000000000000000000000000000
000000000000800000000000000000000000000000000000000000000000000000000000000000700000000000000000000000000000000000000000000000008000000000000000000000000000000001000000000000001000000000000000
000000000000000000000000000000000000000000000000000000000000000000000000000000000000000000000000500000000000000000000000000000000000000000000000000000000070000000000000000000000000000000000000
000000000000000000000000000000008000000000000000000000000000000000000000000000000007000050000050000000000000000800000000000000000000000000700000000000000000000000000000000000000000000000000000
000000008000000000000000000000000000000000000000000000000000000000000000000000000000000000500000000070000000000000000000000000000000000000000000000080000000000000000000000000000000000008000000
000000000000000000000000800000000000000000000000000000000000000000000000000000000000000000000000000000000000000000000000000000000000000000000000000000000000000000000000000000000000000000000000
000000000000000000000000000000000000000000000000000000000008000000080000000000000000000070000000000000000000000000000000000000000000000000000000000000000000000001000010000100001000000000000000
000000000000000000000000000000000000000000000000000800000000000000000000000000000000000000000007000000000000000000000000000000000000000000000000000000000000000000000000000000000000000000000000
000000000000000008000000000000000000000000000000000000000000000000000000000000000000000000000000000000000000000000000000000000000000000000000000000000000700000000000000000000000000000000000000
000000000000000000000000000000000000000000000000000000000000000000000000000000000000000000000000000000000000000000080000000800000000008000000000000000000000000000000000000000000000000000000000
000000000000000000000000000000000008000000080000000000000000000000000000000000008000000000000000000000000000000000000000000000000000000000000007000070000000000000000000000000000000000000000000
000000000000000000000000000000000000000000000000000000000000000000000000000000000000000000000000000000000000000000000000000000000000000000000000000000000000000000000000000000000000000000000000
000000000000000000000000000008000000000000000000000000000000000000000000000000000000000000000000000000080000000000000000000000000000000000000000000000000000000000000000000000000000080000000000
000000000000000000000000000000000000000000000000000800000008000000000000000000000000000000000000000000000000000000000000000000000000000000000000000000000000000000008000000000000000000000000000
000000000000000000000000000000000000000000000000000000000000000000008000000800000000000000000000000000000000000000000000000000000000000000000000000000000000000000000000000000000000000000000000
000000000000000000000000000000000000000000000000000000000000000000000000000000000000000000000000000000000000000000000000000000000008000000000000000000000000000000000000000008000000000000000000
000000000000000000000000000000000000000000000000000000000000000000000000000000000000000000000000000000000000008000000000080000000000000000000800000000000800000000000000000000000000000000000000
000000000000000000000000000000000000000000000000000000000000000000000000000000000000080000000800000000000000000000000000000000000000000000000000000000000000000000000000000000000000000000000000
000000000000000000000000000000000000000000000000000000000000000000000000000000000000000000000000000000000000000000000000000000000000000000000000000000000000000000000000000000000000000000000000
000000000000000000000000000000000000000000000000000000000000000000000000000000000000000000000000000000000000000000000000000000000000000000000000000000000000000000000000000000000000000000000000
000000000000000000000000000000000000000000000000000000000000000000000000000000000000000000000000000000000000000000000000000000000000000000000000000000000000000000000008000000000000000000000000
000000000000000000000000000000000000000000000000000000000000000000000000000000000000000000000000000000000000000000000000000000000000000000000000000000000000000000000000000000000000000000000000
000000000000000000000000000000000000000000000000000000000000000000000000000000000000000000000000000000000000000000000000000000000000000000000000000000000000000000000000000000000000000000000000
000000000000000000000000000000000000000000000000000000000000000000000000000000000000000000000000000000000000000000000000000000000000000000000000000000000000000000000000000000000000000000000000
000000000000000000000000000000000000000000000000000000000000000000000000000000000000000000000000000000000000000000000000000000000000000000000000000000000000000000000000000000000000000000000000
000000000000000000000000000000000000000000000000000000000000000000000000000000000000000000000000000000000000000000000000000000000000000000000000000000000000000000000000000000000000000000000000
000000000000000000000000000000000000000000000000000000000000000000000000000000000000000000000000000000000000000000000000000000000000000000000000000000000000000000000000000000000000000000000000
000000000000000000000000000000000000000000000000000000000000000000000000000000000000000000000000000000000000000000000000000000000000000000000000000000000000000000000000000000000000000000000000
000000000000000000000000000000000000000000000000000000000000000000000000000000000000000000000000000000000000000000000000000000000000000000000000000000000000000000000000000000000000000000000000
000000000000000000000000000000000000000000000000000000000000000000000000000000000000000000000000000000000000000000000000000000000000000000000000000000000000000000000000000000000000000000000000
000000000000000000000000000000000000000000000000000000000000000000000000000000000000000000000000000000000000000000000000000000000000000000000000000000000000000000000000000000000000000000000000
000000000000000000000000000000000000000000000000000000000000000000000000000000000000000000000000000000000000000000000000000000000000000000000000000000000000000000000000000000000000000000000000
000000000000000000000000000000000000000000000000000000000000000000000000000000000000000000000000000000000000000000000000000000000000000000000000000000000000000000000000000000000000000000000000
000000000000000000000000000000000000000000000000000000000000000000000000000000000000000000000000000000000000000000000000000000000000000000000000000000000000000000000000000000000000000000000000
000000000000000000000000000000000000000000000000000000000000000000000000000000000000000000000000000000000000000000000000000000000000000000000000000000000000000000000000000000000000000000000000
000000000000000000000000000000000000000000000000000000000000000000000000000000000000000000000000000000000000000000000000000000000000000000000000000000000000000000000000000000000000000000000000
000000000000000000000000000000000000000000000000000000000000000000000000000000000000000000000000000000000000000000000000000000000000000000000000000000000000000000000000000000000000000000000000
000000000000000000000000000000000000000000000000000000000000000000000000000000000000000000000000000000000000000000000000000000000000000000000000000000000000000000000000000000000000000000000000
000000000000000000000000000000000000000000000000000000000000000000000000000000000000000000000000000000000000000000000000000000000000000000000000000000000000000000000000000000000000000000000000
000000000000000000000000000000000000000000000000000000000000000000000000000000000000000000000000000000000000000000000000000000000000000000000000000000000000000000000000000000000000000000000000
000000000000000000000000000000000000000000000000000000000000000000000000000000000000000000000000000000000000000000000000000000000000000000000000000000000000000000000000000000000000000000000000
000000000000000000000000000000000000000000000000000000000000000000000000000000000000000000000000000000000000000000000000000000000000000000000000000000000000000000000000000000000000000000000000
000000000000000000000000000000000000000000000000000000000000000000000000000000000000000000000000000000000000000000000000000000000000000000000000000000000000000000000000000000000000000000000000
