000000000000000000000000000000000000000000000000000000000000010000000000000000000000000000000000000000000000000000000000000000000000000000000000000000000000000000000000000000000000000000000000
000000000000000000000000000000000000000000000000000000000000000000100000000000000000000000000000000000000000000000000000000000000000000000000000000000000000000000000010000100001000000000000000
000000000000000000000000000000000000000000000000000000000000000000000000000000000000000000800000000000000700000700000700000700000000000000000000000000000000000000000000000000000000010000000000
000000000000000000000000000000000000000000000000080000000000000000000000000000000000000000000000000000000000000000000000000000007000000000000000000000000700000700000000000000000000000000000000
000000000000000000000000000000000000000000000000000000000000000000000000000000000000000000000000080000000000000000000000000000000000000000000000000000000000000000000000000000000000000000000000
000000000000000000000000800000000000000000000000000000000700000000000000000000000000000000000000000000000000000000000000000000000000000000000000000000000000000000000000000000000000000000000000
000000000000000000000000000000000000000000800000000000000000000005000070000000000000000000000000000000000000000000000000000000000000000000000000000000000000000000000500500500500005000000000000
000000000000000000000000000000000080000000000000000000000000005000000000000000800000000000000000000000000000000005055050000000000000000000000000000000000000000550005000000000000000001000000000
000000000000000000000000000000000000000000000000000000000000000000000000000000000000000000000000000000000700000050000000505000000700000000070000000000700050000000000500000405000500000000000000
000000000000000000000000000000000000000000000000000000000000000000000000000000000000800000000000000070000000000500500500000500000000007000000000070000000000050005000000050500000000000000000000
000000000000000000000000000000000000000000000000000000070000000005000000000000000000000000000000000000000000000035000050030050000000000000000000000000000000000000000000000000000000000000000000
000000000000000000000000000000000000000000000000000000000000505000007000000000000000000000000000000000000000000000000000000000000000000000000000000000000000000505000500000000000000000000000000
000000000000000000000000000000000000000000000000000000000000000500000000000000000000000000000000000000000000050050000000050000000000000000000000000000000000050000000005000000000000001000000000
000000000000000000000000000080000000000000000000000000000000000000000000000000000000000000000000000000000050000000000000000000500050050000050005000050005000000500000000000000050005000000000000
000000000000000000000000000000000000000000007000070000000000000000000000000000000000000000000700000700000000000000000000000000050000000005000000000000000000000000000000000050000500000000000000
000000000000000000000000000000000000000000000000000000700005000000000000000000000000000000000000000000000050000000000500000050000000005000500000000000000000000000005000050000000000000000000000
000000000000000000000000000000000000000700000000000000000000000050000000010000100001000000000000000000000000050050500000000505005000000000000000000000000000500000000005000000000000000000000000
0000000000000000000000000000000000000000000000000000000000000000000010000d0000d00000000000000000000000000000000000000000005000000000000000000050050050050000000050000000000000000000001000000000
000000000000000000000000000000000000000000000000000000000000000000000000000000000000000000000000000000000000500500000000000000000000050000500000000000000000000000000005000000000050000000000000
000000000000000000000000000000000000000000005000050000000000000000000000000000000000000000000000000000000000000000005000000050550050000000000000000000000000000000000500500000500000000000000000
000000000000000000000008000000000000000000000305000005005005000000000000000000000001000000000000000000000700000000000500050000000000000000000500000000000000000000000005000050000000000000000000
000000000000000000000000000000080000007000055000050000050000020500000000000000000000000000000000000700000000005000050000000000000000000000050000000000000050005000050000000000050000000000000000
00000000000000000000000000000000000000000000000000000000000000000000d0000d0000d00000000000008000000000000000000050500000000000000000005000000005005000500000000000000050000000000050001000000000
000000000000000000000000000000000000000000000000000000000000000000000000000000000000000000000000000000000000000050000000000000005050000000000000000000000000000000000505000000000000000000000000
000000000000000000000000000000000000000000000000000005000005000500000000000000000000000000000000000000000000000500000005000000500000000000000000000000000000000050000000000050000500000000000000
000000000000000000000000000000000000000000000000000000000050000000000000000900000001000000000000000000000000000000000000050000000000000000050050010000000000050005000000000000000000000000000000
000000000000000800000000000000000000007000055005000050000000000000000000000000000000000000000000000007000010000500000505000000000050500000000000000000000050000000000000000000000000000000000000
00000000000000000000000000000000000000000000500005000000000000000000d0000d0000d00000000000000000000000000000000000000050000000050000000005000000000005000000000000000000000000000000070000000000
000000000000000000000000000000000000000000000000000000000550000500000000000000000000000000000000000000000000000000005000000005000000000000000000000000000000007000007000000700007000000000000000
000000000000000000000000800000000000000000000000000000000000000000000000000000000000000070000000007000000000000500000000000000000050000000000000000000000000000000000000000000000000000000000000
000000000000000000000000000000000000007000005000000000000000005000000000000000000001000000000700000000000000000000000000050050000000005000700000070000000000000000000000000000000000000000000000
000000000000008000000000000000000000000000050000000000500000000500000000000000000000000000000000000000010000500000000000000000000000000000000000000000050050000000000000000000000000000000000000
00000000000000000000000000000080000000000000530500500000000000000000d0000d0000d00000000000000000000000000000050000000000500000050000000000000000000000000000000000000000000000000000000000000000
000000000000000000000000000000000000000000000000000000500050000000001000000000000000000000000000000000000000000000005000000050000005000000000000000000000000000070000000000000000000000000000000
000000000000000000000000000000000000000000050000000000000000005050000000000000000000000010000000001000000000050000500000000000000000000000000000000000000000000000000000000000000000000000000000
000000000000000000000000000000000000007000005000000000000500000000000000010000100001000000000100000000005000000000000000000000000000007000000000000000700007000000000000000000000000000000000000
000000000000000000000000008000000000000000000005000000500000500050000000000000000000000000000000000000050050000000000030000500003500000000000000000000000000000000000000000000000000000000000000
000000000000000000800000000000000000000000050000005000000000000000000000000000000000000000000000000000500000000000050000505000000000000000000000000000000000000000000000000000000000000000000000
000000000000000000000000000000000000000000000000000000500000500050005050000000000000000500000000000000050005000000000055500000005000000000000000000000000000000000000000800000000000000000000000
000000000000000000000000000000000000000000005500000000050000000000000000050000000000000000055000050000000000005000000000000000000050000000000000000000000000000000000000000000000000000000000000
000000000000000000000000000000000000000700000000000000000000000000000500000005000050000500000000000005000050000000005000000000000000007000000000800000000000000000000000000000000000000000000000
000000000000000000000000000000000000000000000000000000000000000500000000500000005000000000000000050000000000000000055550000050000000000000000000000000000000000000000000000000000000000000000000
000000000000000000000000000000000000000000000000050500000500000005000000000000000005000005005000000000000005005005000000050000000500000000000000000000000080000000000000000000000000000000000000
000000000800000080000000800000000000000000007000000000000000005000005050505000500000050000000050000505000000000000000000000000000000000000000000000000000000000000000000000000000000000000000000
000000000000000008000000000000000000000000000000000000005050000000000000000000000000000000000000000000005000000000000000000000000000000000000000000000000000000000800000000000000000000000000000
000000000000000000000000000000000080000000000000050000000000000000000000000000005000000000000000000000005005000000000500000000000000700000000000000000000000000000000000000000000000000000000000
000000000000000000000000000000000000000000000000000500000050000005005000500005000050000000000000000500500000000500000000700000700000000000000000000000000000000000000000080000000800000000000000
000000000000000000000000000000000000000000000000000050000000000000000000000000000000005005005005050000000000000000010000000000000000000000000000000000000000000000000000000000000000000000000000
000000000000000000000000000000000000000000000010000000000000000500000000000000000000000000000000000000000000001000000000000000000000000000000000000000000000000000000000000000000000000000000000
000000000000000000000000000000000000000000000000000000000500000000000000000000000000005000050000000000000000000000000000000000000000000000100001000010000100001000010000000000000000000000000000
000000000000000000000000000000000000000000000000000000000000000000005000000000000500000000000000000005000005000000000000000000000000000000000000000000000000000000000000000000000000000000000000
000000000000000000080000000000000000000000000000000500000000005000000005005005000000000000000000000000050000000000000000600000000000000000000000000000000000000000000000000000000000000000000000
000000000000000000000000800000000000000000000000000005000000000000000000000000000000000000000000100000000000000000060000000060000000000000000000000000000000000000000000000000000000000000000000
000000000000000000000000000000000000000000000001000000000050000000050000000000000000005000005000000000000000000060000000000000000000000000000000000000000000000000000000000000000000000000000000
000000000000000000000000000000000000000000000000000050000305000000000000000000050000000050000000000000000000000000000000000000000000006000060000600006000060006000010000000000000000000000000000
000000000000000000000000000000000000000000000000000000000000000000000000500000000000503050000000000060000000600000000000000000000600000000000000000000000000000000000000000000000000000000000000
000000000000000000000000000000000000000000000000000005050000005000050000005000000000000000000000000000000600000000000000600000000000000000000000000000000000000000000000000000000000000000000000
000000000000000000000000000000008000000000000000000000000005000000000000000000010000005005001000010000000000000000060000000060000000000000000000000000000000000000000000000008000000000000000000
000000000000000000000000000000000000000080000000100000500000000000000000000000000000005000000000000006000000000060000000000000000000000000000000000000060000606000000000000000000000000000000000
000000000000000000000000000000000000000000000000000005000050000050000050000500000000000000000000000000000006000000000000000000000000006000060000600006000000000000010000000000000000000000000000
000000000000000000000000000000000000000000000000000000000000000000050000000000000000500050000000000000000000000000000000000000000600006000660000000000000000000000000000000000000000000000000000
000000000000000000000008000000000000000000000000000000000000005000000000000000000000000000000000000000600000000000000000600000000000000000000000000000000000000000000000000080000000000000000000
000000000000000000008000000000000000000000000000000000000050000000000000000000010000000000001000010000600000000000060000000060000000000000060000000000000000000000000000000000000000000000000000
000000000000000000000000000000000000000000000000100000000000000000001010001000000000000000000000000000000000000060000000000000000000000000000000000000000060000600000000000000000000000000000000
000000000000000000000000000000000000000000000000000001000000000100000000000000000000100001000000000000000006000000000000000000000000000000006000060000600000000000010000000000000000000000000000
000000000000000000000000000000000000000000000000000000000010000000000000000000000000000000000000000000000000000000000660000600006000060000600000000000000000000000000000000000000000000000000000
000000000000000000000000000000000000000000000000000000000000000000000000000000000000000000000000000000000000000000000000000000001000000000060000000000000000000000000000000000000000000000000000
000000000000000000000000000000000000000080000000000000000000000000000000000000000000000000000000001000000000000000000010000000000000070000000000000030000000030000000000000000000000000000000000
000000000000000000000000000000000000000000000000000000000000000000000000000000000000000000000000000000000000000060000000000000000000000000000000000000000060006000000000000080000000000000000000
000000000000000000000000000080000000000000000000000000000000000000000000000000000000000000000000000000000000000000000000000700000000000000100001060000600000006000010000000000000000000000000000
000000000000000000000000000000000000000000000000000000000000000000000000000000000000000000000000000000000000000000006000000000000000000000000000000000000600000000000000000000000000000000000000
000000000000000000000000000000000000000000000000000000000000000000000000000000000000000000000000000000000000000000000000000000007000000000000000000000000000000000000000000000000000000000000000
000000000000000000000080000000000000000000000000000000000000000000000000008000000000000000000000000000000000000000000070000000000000000000000000000000000000000000000000000000000000000000000000
000000000000000000000000000000000000000000000000000000000000000000800000000000000000000000080000000000000000000000000000000000000000000000000000000000000000000000000000000000000000000000000000
000000000000000000000000000000000000000000000000000000000000000000000000000000000l00000000000000000000000000000000000000000000000000000000000001000010000100001000010000000000000000000000000000
000000000000000000000000000000000000000000000000000000800000000000000000000000000000000000000000000000008000000000000000000000000000000000000000000000000000000000000000000000000000000000000000
000000000000000000000000000000000000000000000000000000000000000000000000000000000000000000000000000000000000000000000000000000000000000000000000000000000000000000000000000000000000000000000000
000000000000000000000000000000000080000000000000000000000000000000000000000000000000000000000000000000000000000001000010000000000000000008000000000000000000000000000000000000000080000000000000
000000000000000000000000000000000000000000800000000000000000000000000000000080000000000000000000000000000000000000000000000000000000000000000000000000000000000000000000000000000000000000000000
000000000000000000000000000000000000000000000000000000000000000000000000000000000000000000000000000000000000000000000000000000000000000000000000000000000000000000000000000800000000000000000000
000000000000000000000000000000000000000000000000000000000000000000000000000000000000000000000000000000000000000000000000000000000000000000000000000000000000000000000000000000000000000000000000
000000000000000000000000000000000000000000000000000000000000800000000000000000000000000000000000000000000000000000000000000000080000000000000000000000000000000000008000000000000000000000000000
000000000000000000000000000000000000000000000000000080000000000000000000000000000000000000000000000000000000007000000000000000000000000000000000000000000000000000000000000000000000000000000000
000000000000000000000000000000000800000000000000000000000000000000000000000000000000000000000007000000000700000000000000000000000000000000000000000000000080000000000000000000000000000000000000
000000000000000000000000000000000000000000000000000000000000000000008000000000000000000000700000000070000000000000000000000000000000000000000000000000000000000000000000000000000000000000000000
000000000000000000000000000000000000000000000080000000000000000000000000000000800000000000000000000000000000000000000008000000000000000000000000000800000000000000000000000000000000000000000000
000000000000000000000000000000000000000000000000000000000000000000000000000000000000000000000000000000000000000000000000000000000000000000000000000000000000000800000000000000000000000000000000
000000000000000000000000000000000000000000000000000000000000000000000000000000000000000000000000000000000000000000000000000000000000000000000000000000000000000000000000000000000000000000000000
000000000000000000000000000000000000000000000000000000000000000000000000000000000000000000000000000000000000000000000000000000000008000000000000000000000000000000000000000000000000000000000000
000000000000000000000000000000000000000000000000000000000000000000000000000000000000000000000000000000000000000000000000000000000000000000000000000000000000000000000000000000000000000000000000
000000000000000000000000000000000000000000000000000000000000000000000800000000000000000000000000000000000000000000000000000000000000000000000000000000000000000000000008000000000000000000000000
000000000000000000000000000000000000000000000000000000000000000000000000000000000000000080000000000000000000000000000000000000000000000000000000000000000000000000000000000000000000000000000000
000000000000000000000000000000000000000000000000000000000000000000000000000000000000000000000000000000000000000000000000000000000000000000000000000000000000000000000000000000000000000000000000
000000000000000000000000000000000000000000000000000000000000000000000000000000000000000000000000000000000000000000000000000000000000000000000000000000000000000000000000000000000000000000000000
000000000000000000000000000000000000000000000000000000000000000000000000000000000000000000000000000000008000000000000000000000000000000000000000000000000000000000000000000000000000000000000000
000000000000000000000000000000000000000000000000000000000000000000000000000000000000000000000000000000000000000000000000000000000000000000000000000000000000000000000000000000000000000000000000
000000000000000000000000000000000000000000000000000000000000000000000000000000000000000000000000000000000000000000000000000000000000000000000000000000000000000000000000000000000000000000000000
000000000000000000000000000000000000000000000000000000000000000000000000000000000000000000000000000000000000000000000000000000000000000000000000000000000000000000000000000000000000000000000000
000000000000000000000000000000000000000000000000000000000000000000000000000000000000000000000000000000000000000000000000000000000000000000000000000000000000000000000000000000000000000000000000
000000000000000000000000000000000000000000000000000000000000000000000000000000000000000000000000000000000000000000000000000000000000000000000000000000000000000000000000000000000000000000000000
